1 989 944 0
2 5 730 32
3 769 200 7
4 698 515 83
5 72 561 30
6 52 397 62
7 771 177 26
8 81 537 31
9 43 371 75
10 716 202 5
11 106 406 85
12 627 172 15
13 10 338 94
14 776 432 16
15 761 469 38
16 759 287 32
17 593 363 5
18 773 290 17
19 129 398 92
20 709 193 50
21 99 564 16
22 163 418 79
23 48 619 11
24 907 406 33
25 929 527 60
26 69 672 11
27 675 960 96
28 50 763 46
29 736 240 48
30 46 518 31
31 128 793 25
32 699 581 96
33 58 398 71
34 43 393 61
35 783 186 3
36 58 360 100
37 45 712 6
38 38 393 94
39 652 524 88
40 37 364 53
41 37 617 19
42 61 534 50
43 664 358 19
44 555 445 39
45 712 465 21
46 38 469 95
47 2 729 7
48 65 620 40
49 156 497 51
50 857 475 16
51 773 234 47
52 879 98 13
53 685 466 30
54 21 421 56
55 109 536 5
56 60 738 9
57 897 564 95
58 96 383 70
59 76 582 5
60 739 193 31
61 669 548 80
62 284 462 53
63 193 813 28
64 15 696 38
65 102 541 7
66 28 578 28
67 828 292 18
68 73 519 31
69 70 645 6
70 40 433 71
71 745 159 1
72 0 486 84
73 75 511 47
74 228 312 68
75 732 427 12
76 61 407 88
77 495 621 39
78 84 538 31
79 751 246 6
80 22 714 30
81 63 571 19
82 641 350 38
83 873 540 74
84 211 418 75
85 287 618 2
86 155 796 31
87 627 595 67
88 546 199 47
89 795 58 47
90 805 15 36
91 649 486 20
92 145 377 65
93 673 319 17
94 700 678 81
95 86 623 38
96 158 613 8
97 673 619 95
98 738 444 18
99 17 449 70
100 122 182 95
101 108 334 65
102 100 550 42
103 677 505 88
104 23 365 88
105 20 512 5
106 892 41 43
107 452 457 76
108 70 541 46
109 224 931 17
110 67 692 36
111 198 317 74
112 513 731 97
113 159 369 86
114 51 378 65
115 556 137 38
116 800 100 47
117 795 278 41
118 158 773 17
119 43 656 7
120 41 488 52
121 70 375 98
122 132 545 39
123 203 328 59
124 728 467 10
125 759 208 50