1 2 857 0
2 407 102 6
3 915 965 1
4 797 45 10
5 997 241 7
6 650 683 6
7 748 248 2
8 99 174 8
9 2 545 7
10 277 689 3
11 568 771 5
12 76 105 1
13 117 973 4
14 171 971 10
15 327 183 4
16 277 697 10
17 269 246 3
18 670 18 6
19 51 901 4
20 951 696 3
21 710 102 10
22 61 465 8
23 348 606 6
24 551 243 7
25 524 793 7
26 89 582 4
27 900 748 1
28 235 368 5
29 122 587 3
30 449 781 6
31 970 38 8
32 362 490 5
33 742 267 9
34 289 115 6
35 898 957 9
36 996 922 9
37 951 633 4
38 713 779 1
39 603 247 9
40 402 363 10
41 143 0 2
42 274 608 4
43 81 422 1
44 550 408 10
45 43 699 1
46 482 575 10
47 909 254 2
48 613 37 10
49 202 575 1
50 297 297 4
51 736 288 5
52 464 127 5
53 499 491 6
54 635 531 6
55 796 328 9
56 184 941 4
57 641 824 4
58 863 673 9
59 396 950 3
60 555 631 7
61 664 966 6
62 301 260 8
63 425 990 5
64 559 746 9
65 431 827 3
66 724 472 9
67 847 51 1
68 888 721 1
69 136 331 5
70 859 627 7
71 206 5 6
72 429 381 6
73 798 918 9
74 886 684 3
75 123 488 8
76 779 445 5
77 764 43 9
78 938 743 10
79 800 398 9
80 734 20 5
81 211 678 9
82 601 545 5
83 512 403 10
84 796 106 1
85 644 810 2
86 416 973 9
87 115 435 3
88 667 91 8
89 395 941 2
90 374 546 6
91 546 191 1
92 754 255 3
93 124 588 1
94 423 929 8
95 314 637 8
96 668 268 6
97 321 786 9
98 960 423 5
99 11 499 5
100 721 692 9
101 803 584 1
102 337 475 9
103 806 773 6
104 429 478 3
105 214 547 4
106 361 166 9
107 944 218 7
108 12 468 1
109 527 255 9
110 789 724 6
111 250 862 10
112 892 896 2
113 545 806 3
114 832 12 9
115 628 495 6
116 194 884 4
117 395 309 9
118 655 39 10
119 558 175 3
120 247 947 7
121 36 394 6
122 877 451 6
123 599 724 4
124 83 489 5
125 754 703 9
126 65 35 2
127 889 230 2
128 938 307 4
129 662 394 5
130 248 220 6
131 642 549 1
132 747 86 5
133 201 643 4
134 400 574 3
135 653 798 4
136 653 904 9
137 643 138 4
138 951 307 3
139 793 865 5
140 500 726 10
141 585 586 2
142 285 769 5
143 511 898 8
144 336 912 8
145 454 207 10
146 239 951 7
147 335 815 3
148 911 708 6
149 2 239 9
150 602 984 5
151 372 799 2
152 177 756 10
153 816 435 4
154 617 639 9
155 806 796 2
156 793 584 6
157 803 561 1
158 479 831 6
159 397 20 1
160 618 113 1
161 702 902 7
162 838 111 10
163 989 451 7
164 215 154 3
165 581 757 6
166 294 174 4
167 997 332 4
168 350 909 3
169 335 941 5
170 906 354 4
171 920 675 2
172 493 469 5
173 187 284 1
174 678 127 10
175 831 755 7
176 316 319 3
177 188 134 7
178 73 608 10
179 884 613 10
180 193 831 2
181 717 851 3
182 508 52 10
183 809 556 6
184 705 769 3
185 983 312 1
186 847 359 4
187 415 658 3
188 132 789 10
189 520 413 10
190 913 564 4
191 90 256 8
192 960 936 5
193 693 559 2
194 980 347 8
195 300 456 2
196 376 144 5
197 192 177 8
198 272 525 7
199 88 626 10
200 772 743 1
201 540 206 5
202 474 559 4
203 575 901 7
204 241 949 8
205 583 602 7
206 215 48 8
207 460 683 3
208 81 368 2
209 998 835 9
210 585 234 7
211 522 137 5
212 294 501 3
213 788 392 3
214 621 498 10
215 116 698 8
216 81 236 5
217 788 277 5
218 817 861 3
219 678 560 7
220 351 354 9
221 156 507 5
222 617 486 2
223 218 189 7
224 213 23 3
225 884 616 6
226 923 177 1
227 829 814 6
228 479 307 3
229 285 153 1
230 584 878 8
231 176 928 5
232 166 656 1
233 507 183 9
234 907 171 2
235 7 792 9
236 995 412 3
237 22 787 10
238 149 784 3
239 649 933 8
240 885 309 6
241 131 560 4
242 22 81 9
243 502 640 9
244 462 970 3
245 465 114 10
246 192 569 10
247 547 473 1
248 557 408 4
249 480 579 1
250 775 395 5
251 845 753 2
252 701 529 5
253 962 95 10
254 842 847 6
255 31 68 4
256 627 629 3
257 524 322 6
258 918 853 10
259 823 774 7
260 775 894 2
261 109 935 8
262 478 480 1
263 511 488 5
264 785 899 2
265 487 121 5
266 453 440 9
267 470 598 7
268 1 111 2
269 756 89 4
270 728 583 1
271 647 753 7
272 973 391 10
273 842 559 8
274 637 397 6
275 72 370 10
276 948 485 4
277 999 268 6
278 471 517 6
279 350 131 1
280 381 534 7
281 310 467 7
282 973 212 2
283 164 485 8
284 429 565 2
285 186 426 5
286 838 897 10
287 779 143 1
288 452 1 3
289 866 928 9
290 214 623 3
291 532 586 5
292 513 152 3
293 915 772 9
294 204 585 3
295 343 558 3
296 877 720 2
297 730 272 8
298 364 617 5
299 210 569 10
300 514 296 8
301 33 761 9
302 202 695 7
303 706 395 4
304 597 866 3
305 376 83 8
306 679 434 8
307 483 578 8
308 0 299 8
309 639 101 3
310 709 590 2
311 774 925 10
312 804 864 2
313 528 192 10
314 660 561 3
315 888 7 3
316 788 712 3
317 79 750 3
318 854 884 9
319 710 665 3
320 939 390 1
321 156 683 10
322 62 737 2
323 207 501 9
324 944 334 9
325 952 915 7
326 14 440 8
327 923 386 3
328 693 370 7
329 485 885 6
330 890 951 1
331 478 956 8
332 782 216 3
333 104 50 7
334 822 370 7
335 73 108 2
336 7 981 3
337 987 382 10
338 397 439 7
339 986 513 10
340 871 661 10
341 636 866 2
342 154 39 4
343 70 100 4
344 75 647 7
345 383 5 5
346 86 692 8
347 263 570 7
348 26 218 9
349 892 317 4
350 139 60 10
351 76 883 5
352 336 44 5
353 648 837 7
354 713 447 7
355 98 769 7
356 316 688 4
357 470 613 3
358 157 295 1
359 499 223 9
360 482 100 6
361 3 209 5
362 280 692 6
363 525 6 8
364 54 122 2
365 220 208 10
366 838 860 5
367 0 143 7
368 455 989 7
369 923 705 1
370 41 665 1
371 829 426 7
372 809 821 1
373 238 811 5
374 57 114 8
375 490 911 6
376 445 135 10
377 126 154 9
378 502 856 8
379 543 422 9
380 395 335 5
381 873 378 1
382 947 675 8
383 127 46 9
384 895 216 2
385 590 641 6
386 415 0 8
387 456 639 9
388 881 466 10
389 721 116 8
390 884 403 9
391 323 319 6
392 495 158 7
393 534 496 1
394 784 89 1
395 600 973 2
396 582 263 6
397 630 484 9
398 498 412 8
399 737 749 2
400 187 137 4
401 433 302 7
402 864 360 2
403 262 566 7
404 63 28 4
405 698 186 3
406 669 65 9
407 280 605 1
408 163 577 8
409 7 891 8
410 156 301 4
411 977 815 8
412 144 312 3
413 272 181 5
414 524 978 7
415 112 407 10
416 865 155 1
417 232 344 3
418 418 650 6
419 529 362 5
420 889 916 9
421 952 677 4
422 443 10 6
423 644 925 7
424 982 797 7
425 328 995 1
426 652 395 7
427 954 103 6
428 614 890 8
429 583 127 5
430 54 278 10
431 534 176 1
432 457 678 1
433 769 423 5
434 111 776 9
435 537 183 10
436 887 534 3
437 263 242 8
438 238 143 1
439 693 433 1
440 481 223 10
441 276 463 1
442 301 278 4
443 813 997 3
444 522 400 5
445 342 979 7
446 121 219 4
447 282 213 3
448 495 110 8
449 824 196 6
450 974 643 10
451 567 187 2
452 588 289 5
453 415 542 3
454 84 369 8
455 711 288 6
456 192 263 5
457 634 955 2
458 134 858 3
459 836 650 1
460 401 251 1
461 330 390 1
462 757 708 7
463 640 675 8
464 512 860 7
465 179 319 2
466 36 160 3
467 902 529 4
468 526 587 10
469 186 229 1
470 15 596 1
471 979 645 3
472 647 323 3
473 182 123 2
474 184 38 1
475 302 219 3
476 781 849 5
477 330 18 9
478 991 649 3
479 887 717 10
480 37 331 3
481 616 448 1
482 331 231 2
483 822 365 10
484 230 835 1
485 359 963 6
486 60 730 10
487 776 660 8
488 376 810 8
489 703 627 10
490 481 728 10
491 495 862 6
492 192 598 8
493 121 520 7
494 854 951 4
495 305 495 7
496 603 933 7
497 916 240 4
498 889 765 5
499 608 852 8
500 233 438 7
501 715 397 4
502 250 676 4
503 385 490 8
504 911 127 5
505 977 120 8
506 57 831 4
507 695 732 7
508 168 907 5
509 487 552 3
510 379 518 9
511 175 165 7
512 741 69 2
513 859 350 4
514 741 665 1
515 542 145 8
516 65 804 9
517 34 189 5
518 618 340 7
519 87 291 6
520 784 685 3
521 785 260 1
522 943 254 9
523 183 988 9
524 239 180 2
525 206 769 6
526 597 257 7
527 780 886 2
528 981 148 2
529 227 435 7
530 918 839 4
531 905 402 2
532 257 337 9
533 100 996 9
534 194 631 5
535 164 219 3
536 524 887 4
537 909 704 7
538 169 906 4
539 241 785 4
540 937 826 8
541 62 828 10
542 538 74 9
543 399 812 7
544 855 575 4
545 802 150 2
546 451 192 8
547 979 779 6
548 342 445 2
549 692 472 1
550 9 452 5
551 897 431 5
552 665 139 10
553 128 106 3
554 768 689 9
555 150 279 10
556 791 248 5
557 836 385 9
558 235 877 10
559 315 98 8
560 895 755 8
561 363 154 9
562 373 633 1
563 42 430 5
564 850 534 6
565 592 274 7
566 95 712 9
567 565 82 10
568 736 849 7
569 227 124 4
570 770 512 10
571 191 627 3
572 334 855 7
573 307 97 1
574 718 570 7
575 808 903 5
576 630 96 6
577 694 101 1
578 714 65 3
579 380 514 1
580 311 9 3
581 581 60 6
582 483 315 9
583 452 330 8
584 269 422 5
585 986 414 2
586 207 280 1
587 645 986 7
588 97 50 1
589 258 620 7
590 19 60 9
591 159 382 8
592 594 3 3
593 575 648 5
594 505 396 7
595 271 186 6
596 259 278 3
597 440 484 9
598 204 169 1
599 839 329 3
600 796 265 3
601 184 633 6
602 110 901 3
603 794 510 4
604 612 243 5
605 471 610 9
606 168 254 9
607 651 691 4
608 317 884 6
609 788 451 8
610 778 532 7
611 999 602 4
612 223 747 4
613 951 203 1
614 290 179 4
615 5 237 10
616 848 785 6
617 606 434 5
618 511 279 6
619 919 357 10
620 409 840 2
621 726 723 2
622 198 57 10
623 563 987 7
624 330 143 5
625 112 165 2
626 564 379 1
627 841 919 3
628 736 821 2
629 895 875 8
630 772 252 8
631 233 210 7
632 956 386 9
633 29 477 10
634 440 322 3
635 300 683 5
636 19 243 5
637 804 616 5
638 139 376 10
639 177 425 8
640 164 188 3
641 330 450 10
642 894 845 9
643 81 292 3
644 327 908 9
645 52 153 8
646 681 294 5
647 806 403 5
648 650 476 2
649 238 416 7
650 930 935 3
651 220 643 8
652 976 863 1
653 487 945 6
654 23 117 7
655 777 163 8
656 352 425 2
657 224 959 8
658 800 833 4
659 1 880 7
660 530 411 6
661 205 696 4
662 47 211 3
663 1 975 7
664 463 461 4
665 12 909 2
666 9 25 2
667 960 395 5
668 808 103 9
669 555 364 10
670 881 187 5
671 640 356 2
672 423 259 3
673 574 348 3
674 312 251 10
675 881 836 8
676 874 740 10
677 135 158 9
678 904 910 9
679 102 78 7
680 926 747 9
681 133 610 6
682 712 498 2
683 801 94 1
684 46 372 10
685 792 533 10
686 744 492 6
687 49 160 6
688 910 98 2
689 161 275 8
690 462 5 6
691 2 317 5
692 892 299 8
693 623 197 10
694 280 296 3
695 390 873 5
696 569 740 4
697 382 176 9
698 67 260 8
699 22 899 4
700 224 74 10
701 976 106 6
702 643 937 9
703 286 733 10
704 343 347 4
705 768 396 4
706 281 2 1
707 646 481 7
708 113 496 1
709 449 469 5
710 209 276 10
711 146 512 10
712 925 847 6
713 541 265 8
714 108 218 5
715 909 962 6
716 873 616 3
717 891 741 6
718 610 429 3
719 632 229 5
720 254 413 3
721 174 367 9
722 801 148 8
723 94 483 7
724 70 736 1
725 396 630 6
726 722 757 3
727 652 154 6
728 524 473 8
729 390 532 8
730 865 278 3
731 739 441 10
732 522 405 1
733 315 92 4
734 676 875 9
735 367 807 5
736 174 702 5
737 161 844 9
738 52 348 1
739 628 479 10
740 294 425 3
741 245 335 8
742 849 644 3
743 188 955 7
744 898 25 1
745 712 633 9
746 369 346 2
747 795 493 3
748 704 846 3
749 33 817 5
750 872 179 2
751 774 620 8
752 635 620 1
753 512 482 7
754 67 510 9
755 527 626 2
756 316 970 6
757 777 242 5
758 622 844 9
759 35 70 3
760 577 911 3
761 285 224 4
762 652 328 6
763 358 274 3
764 950 346 4
765 824 571 7
766 228 251 9
767 133 826 3
768 166 573 3
769 5 941 5
770 876 539 1
771 74 80 5
772 668 777 10
773 773 7 8
774 71 263 4
775 476 656 4
776 94 533 2
777 895 963 7
778 744 131 2
779 710 940 1
780 790 311 2
781 470 10 9
782 778 994 9
783 726 581 10
784 301 968 6
785 425 873 10
786 510 342 1
787 551 998 9
788 880 251 8
789 13 286 8
790 229 807 4
791 791 870 2
792 980 301 8
793 319 503 5
794 678 661 8
795 131 647 1
796 756 147 4
797 752 792 5
798 552 315 4
799 833 41 6
800 570 210 7
801 550 937 9
802 0 825 2
803 237 533 1
804 484 801 5
805 281 735 9
806 126 383 8
807 261 867 4
808 765 621 5
809 340 504 8
810 483 824 6
811 904 551 9
812 380 261 3
813 450 572 10
814 581 121 9
815 737 364 5
816 504 708 5
817 162 788 3
818 379 894 3
819 415 846 8
820 11 831 9
821 357 10 7
822 794 896 6
823 168 803 7
824 981 897 10
825 740 619 7
826 192 525 10
827 307 810 4
828 193 59 2
829 348 6 1
830 896 319 10
831 718 704 9
832 635 865 3
833 44 81 6
834 677 455 3
835 365 89 9
836 993 748 10
837 21 769 1
838 264 253 1
839 794 836 1
840 158 537 10
841 299 507 8
842 837 673 5
843 625 578 7
844 726 948 8
845 225 753 8
846 529 813 8
847 57 217 7
848 493 88 5
849 977 476 4
850 926 415 5
851 370 421 7
852 960 959 1
853 56 666 2
854 568 361 9
855 418 120 10
856 830 947 7
857 799 823 6
858 447 171 1
859 136 12 1
860 510 332 1
861 864 465 5
862 510 511 3
863 37 62 5
864 610 786 10
865 739 627 4
866 155 680 5
867 710 998 6
868 443 869 8
869 243 357 6
870 736 125 7
871 323 814 9
872 526 532 3
873 20 222 3
874 54 930 9
875 124 270 2
876 76 619 1
877 43 801 6
878 872 318 10
879 938 393 10
880 518 361 5
881 114 189 8
882 398 156 9
883 666 975 5
884 976 884 9
885 362 501 7
886 799 452 8
887 791 71 6
888 778 700 6
889 745 362 10
890 691 851 2
891 870 506 10
892 957 214 4
893 547 416 10
894 645 140 7
895 41 367 10
896 747 223 5
897 884 821 9
898 686 750 8
899 520 508 2
900 86 411 3
901 196 752 5
902 790 247 3
903 100 49 2
904 116 857 3
905 754 899 2
906 387 843 7
907 653 877 6
908 682 525 5
909 156 967 5
910 861 886 2
911 628 139 8
912 829 776 3
913 829 177 3
914 48 367 4
915 553 756 1
916 308 857 3
917 525 768 1
918 739 419 8
919 534 906 10
920 74 407 6
921 829 489 5
922 174 812 3
923 756 539 2
924 783 958 4
925 651 110 6
926 551 459 8
927 980 868 7
928 295 427 6
929 729 915 7
930 518 915 3
931 46 872 6
932 172 627 6
933 130 202 10
934 677 872 3
935 374 795 5
936 181 760 8
937 751 788 9
938 83 664 1
939 459 649 5
940 792 917 2
941 813 502 7
942 746 768 8
943 377 708 5
944 676 582 5
945 367 690 4
946 124 298 1
947 280 13 5
948 209 128 8
949 794 714 8
950 636 512 6
951 901 875 5
952 970 319 5
953 301 452 7
954 146 305 5
955 45 362 4
956 239 811 4
957 423 798 6
958 477 717 10
959 102 815 10
960 504 648 2
961 524 158 6
962 902 424 10
963 538 337 7
964 951 766 1
965 296 959 3
966 647 246 2
967 395 299 1
968 970 492 5
969 260 138 2
970 394 642 1
971 795 836 10
972 657 44 5
973 263 655 3
974 776 212 4
975 436 346 5
976 309 29 1
977 982 977 9
978 879 198 10
979 99 1000 5
980 927 947 6
981 419 592 8
982 742 981 6
983 138 226 6
984 714 685 10
985 410 503 3
986 858 581 8
987 988 225 7
988 576 24 6
989 114 728 1
990 673 162 1
991 660 459 3
992 624 134 9
993 520 801 2
994 86 528 8
995 245 156 4
996 671 77 10
997 944 270 5
998 951 622 7
999 412 813 5
1000 732 304 2
1001 532 201 7