1 707 633 0
2 405 122 10
3 811 419 4
4 11 667 7
5 336 612 4
6 366 50 8
7 98 836 1
8 414 996 4
9 243 713 1
10 100 232 5
11 891 946 5
12 132 204 1
13 25 642 4
14 994 18 4
15 636 897 4
16 214 651 2
17 108 619 5
18 882 399 3
19 863 607 10
20 409 585 1
21 247 882 2
22 553 507 9
23 677 258 5
24 673 644 5
25 25 182 2
26 251 111 1
27 263 799 7
28 660 359 10
29 351 288 5
30 172 127 10
31 382 441 10
32 231 650 2
33 966 485 9
34 964 107 1
35 876 164 10
36 949 328 9
37 936 70 2
38 229 744 3
39 161 214 4
40 581 594 4
41 154 860 9
42 23 374 10
43 736 600 5
44 594 542 4
45 846 684 10
46 355 471 1
47 675 597 5
48 663 653 8
49 61 889 5
50 685 150 1
51 129 248 6
52 161 301 10
53 180 836 1
54 427 670 6
55 833 860 4
56 669 251 3
57 411 403 7
58 450 926 2
59 591 505 8
60 468 157 6
61 288 484 4
62 574 955 4
63 795 521 2
64 41 65 3
65 175 486 5
66 74 436 6
67 907 13 4
68 579 912 8
69 765 835 2
70 176 189 3
71 972 351 3
72 470 22 5
73 577 469 6
74 561 672 10
75 110 670 8
76 811 614 8
77 460 344 4
78 862 486 6
79 22 369 5
80 898 295 1
81 89 934 5
82 89 973 9
83 896 544 2
84 503 364 8
85 765 469 7
86 832 504 6
87 702 482 5
88 481 321 6
89 827 627 7
90 541 599 10
91 111 694 10
92 891 231 10
93 884 324 1
94 555 436 9
95 186 502 3
96 442 319 10
97 823 255 3
98 367 339 7
99 572 872 2
100 715 620 8
101 134 794 2
102 85 912 5
103 191 561 1
104 79 911 6
105 924 508 4
106 132 871 9
107 962 682 10
108 783 515 8
109 170 677 5
110 847 462 6
111 840 535 4
112 732 383 1
113 904 368 10
114 980 376 9
115 281 669 5
116 84 809 8
117 114 715 6
118 83 648 6
119 800 540 8
120 45 944 5
121 84 965 5
122 465 407 7
123 779 427 9
124 854 305 6
125 518 500 2
126 216 721 3
127 597 643 2
128 847 501 4
129 859 298 7
130 954 764 6
131 339 814 9
132 142 552 2
133 400 366 10
134 21 341 5
135 802 487 6
136 67 772 6
137 897 552 7
138 847 538 7
139 189 530 7
140 930 232 8
141 472 396 9
142 92 325 7
143 877 475 2
144 451 370 6
145 1 416 10
146 712 100 3
147 869 270 10
148 100 342 5