1 143 12 0
2 206 907 5
3 895 855 5
4 640 970 5
5 865 716 5
6 993 356 6
7 618 966 10
8 963 539 10
9 50 979 10
10 241 998 9
11 32 206 9
12 288 926 5
13 299 507 9
14 336 180 5
15 589 726 6
16 665 488 7
17 36 521 6
18 112 895 10
19 814 442 6
20 843 474 5
21 17 258 10
22 360 273 6
23 814 537 10
24 775 524 7
25 825 471 6
26 321 87 9
27 773 958 5
28 119 166 5
29 368 928 8
30 193 250 7
31 452 919 9
32 736 322 6
33 386 911 10
34 624 313 8
35 694 398 9
36 186 803 7
37 948 721 9
38 216 973 5
39 915 641 9
40 238 810 8
41 946 172 10
42 23 561 8
43 613 657 10
44 359 434 10
45 604 96 8
46 56 554 6
47 862 723 7
48 222 161 9
49 974 838 8
50 775 67 8
51 815 880 9
52 204 362 10
53 435 760 5
54 593 358 10
55 203 435 5
56 882 803 6
57 194 739 5
58 380 323 7
59 836 461 10
60 537 136 8
61 789 669 9
62 956 1000 9
63 98 295 7
64 656 410 10
65 580 959 10
66 594 64 9
67 459 43 7
68 425 559 9
69 262 31 10
70 522 339 7
71 960 74 6
72 237 910 7
73 353 828 9
74 420 281 10
75 721 524 9
76 185 679 7
77 703 303 10
78 923 491 9
79 444 792 9
80 567 476 6
81 987 930 7
82 113 210 8
83 907 45 6
84 383 799 10
85 209 192 6
86 34 820 5
87 464 717 5
88 837 536 8
89 202 94 8
90 177 341 8
91 551 3 5
92 835 467 9
93 128 655 8
94 988 937 10
95 179 369 5
96 487 765 10
97 975 406 9
98 365 411 5
99 440 41 6
100 607 487 6
101 57 898 7
102 161 707 10
103 0 517 10
104 210 88 6
105 524 195 10
106 682 409 10
107 608 55 5
108 16 909 6
109 846 379 9
110 183 242 7
111 586 182 10
112 948 682 9
113 324 44 6
114 380 573 5
115 339 188 7
116 629 32 7
117 589 805 5
118 934 907 6
119 848 633 5
120 890 973 6
121 98 787 10
122 964 391 8
123 171 837 7
124 261 409 10
125 637 133 8
126 541 313 7
127 946 388 9
128 479 636 10
129 818 503 7
130 188 602 7
131 887 643 10
132 981 839 8
133 585 570 10
134 383 325 8
135 288 219 6
136 407 596 10
137 707 525 7
138 56 193 9
139 523 502 5
140 120 163 10
141 352 597 8
142 304 158 9
143 441 587 7
144 104 295 7
145 66 150 7
146 424 609 6
147 184 395 8
148 464 153 10
149 39 224 7
150 277 43 6
151 380 496 5
152 620 623 7
153 367 300 7
154 347 401 7
155 435 235 7
156 242 543 7
157 321 572 8
158 625 361 5
159 651 354 7
160 426 359 10
161 673 531 8
162 458 375 5
163 379 329 5
164 309 329 5
165 348 126 7
166 166 46 9
167 75 271 10
168 859 379 8
169 531 461 9
170 747 578 7
171 257 92 8
172 78 288 7
173 257 383 8
174 437 360 7
175 343 279 9
176 668 383 10
177 354 647 10
178 482 603 7
179 458 522 7
180 686 499 9
181 298 392 10
182 347 264 9
183 407 379 10
184 321 280 10
185 691 402 6
186 59 174 7
187 111 266 7
188 592 424 9
189 667 384 8
190 108 339 7
191 312 489 7
192 382 227 9
193 384 639 6
194 84 311 6
195 378 58 5
196 88 62 10
197 505 612 8
198 198 132 5
199 76 112 5
200 591 502 9
201 689 522 6
202 526 495 6
203 138 63 10
204 511 638 8
205 327 293 6
206 292 538 6
207 171 142 7
208 696 506 7
209 234 718 5
210 430 247 8
211 727 571 8
212 614 295 6
213 566 543 8
214 803 537 6
215 340 598 10
216 511 469 8
217 765 571 9
218 270 251 7
219 368 533 6
220 327 164 7
221 696 575 5
222 218 562 5
223 441 622 7
224 127 121 7
225 769 443 10
226 821 500 10
227 348 574 8
228 310 87 10
229 770 527 6
230 431 539 7
231 232 256 9
232 410 281 9
233 449 507 10
234 147 223 7
235 352 172 9
236 410 339 9
237 151 36 7
238 208 116 9
239 440 59 6
240 256 195 7
241 356 343 7
242 421 333 10
243 294 460 6
244 752 289 9
245 728 554 5
246 660 422 8
247 482 173 10
248 857 655 6
249 415 551 6
250 228 318 10
251 486 491 6
252 316 620 8
253 607 505 5
254 634 426 9
255 331 128 9
256 443 613 9
257 322 620 8
258 459 681 7
259 364 278 10
260 395 494 5
261 455 610 5
262 134 149 6
263 79 208 5
264 193 203 6
265 539 493 6
266 381 435 10