1 0 0 0
2 174 325 73
3 49 34 71
4 543 815 59
5 42 920 29
6 545 80 19
7 681 950 79
8 870 118 27
9 787 220 13
10 537 927 77
11 180 838 21
12 543 582 99
13 442 620 24
14 747 569 71
15 932 48 38
16 14 356 59
17 53 476 56
18 603 228 41
19 772 573 87
20 811 359 28
21 373 37 81
22 859 142 18
23 489 543 49
24 37 771 28
25 354 944 35
26 96 62 86
27 326 729 40
28 881 541 89
29 653 724 75
30 226 759 25
31 481 44 56
32 100 882 43
33 129 299 57
34 989 512 88
35 600 42 37
36 538 772 88
37 346 479 76
38 448 624 37
39 286 417 67
40 612 457 3
41 70 468 64
42 502 909 53
43 595 503 72
44 819 948 55
45 771 355 22
46 372 196 56
47 535 775 51
48 232 518 30
49 119 626 15
50 110 835 1
51 567 348 46
52 6 211 78
53 493 652 18
54 96 183 62
55 105 479 100
56 873 333 43
57 468 199 87
58 536 120 4
59 17 65 71
60 638 958 87
61 328 921 36
62 968 540 77
63 125 145 61
64 692 422 5
65 557 864 96
66 752 850 82
67 703 395 22
68 498 832 33
69 343 962 30
70 583 474 32
71 976 636 88
72 101 555 5
73 77 544 47
74 981 353 47
75 625 324 28
76 622 728 65
77 855 827 77
78 792 443 13
79 283 63 57
80 760 751 52
81 972 417 36
82 694 214 24
83 38 91 78
84 294 791 17
85 429 815 12
86 691 154 50
87 930 792 70
88 579 279 45
89 431 909 41
90 615 264 11
91 448 185 51
92 49 414 54
93 883 478 14
94 627 564 70
95 40 434 76
96 718 660 57
97 896 694 59
98 716 586 100
99 607 343 7
100 675 244 10
101 282 617 23
102 199 880 25
103 998 855 65
104 588 662 70
105 58 700 2
106 221 510 25
107 518 554 91
108 203 173 86
109 944 282 48
110 254 558 24
111 428 165 94
112 848 305 7
113 860 100 19
114 602 620 97
115 437 55 79
116 922 348 15
117 433 776 23
118 891 306 43
119 211 731 11
120 408 859 44
121 492 322 92
122 581 746 77
123 868 337 26
124 365 161 83
125 568 646 80
126 456 81 86
127 477 162 97
128 429 844 12
129 396 41 71
130 130 972 24
131 563 135 49
132 317 258 52
133 414 696 37
134 547 90 4
135 602 325 41
136 321 27 99
137 263 184 97
138 474 629 20
139 526 440 32
140 814 534 51
141 287 975 13
142 11 791 3
143 217 331 64
144 745 430 24
145 34 925 21
146 84 298 83
147 12 489 51
148 140 132 77
149 755 784 79
150 948 889 96
151 201 545 36
152 609 322 4
153 880 525 84
154 649 744 83
155 643 684 60
156 769 790 93
157 319 178 57
158 731 709 98
159 787 828 81
160 225 726 18
161 596 265 42
162 634 256 14
163 663 359 22
164 166 640 1
165 642 362 42
166 520 270 32
167 42 480 85
168 112 399 60
169 150 168 76
170 82 292 94
171 122 330 100
172 127 502 46
173 775 687 76
174 13 620 6
175 634 888 79
176 68 320 71
177 982 753 82
178 224 537 43
179 841 798 67
180 174 366 62
181 24 40 55
182 145 248 57
183 419 444 83
184 879 792 92
185 929 876 90
186 123 355 70
187 986 847 53
188 948 915 85
189 875 393 42
190 117 315 78
191 662 329 37
192 34 517 42
193 73 159 85
194 80 288 64
195 152 615 34
196 192 202 87
197 881 867 84
198 766 781 100
199 660 798 60
200 184 487 52
201 706 738 89
202 75 367 66
203 192 700 27
204 277 151 64
205 9 455 92
206 605 301 36
207 102 332 79
208 193 612 37
209 606 304 49
210 50 417 99
211 61 343 89
212 80 515 39
213 79 416 60
214 257 315 83
215 215 135 54
216 904 911 62
217 892 734 70
218 130 120 83
219 91 213 72
220 679 826 55
221 634 319 14
222 698 259 48
223 664 283 46
224 316 692 48
225 159 590 11
226 768 627 60
227 583 308 36
228 552 300 19
229 890 942 100
230 921 841 96
231 884 682 98
232 28 627 4
233 846 789 87
234 141 84 83
235 151 452 100
236 651 231 44
237 593 205 9
238 126 511 31
239 998 988 79
240 53 418 53
241 126 279 80
242 65 479 93
243 217 664 37
244 916 983 74
245 465 504 25
246 11 435 71
247 328 87 60
248 341 495 94
249 167 100 60
250 75 221 85
251 12 139 67
252 712 863 84
253 854 920 96
254 95 312 77
255 65 272 88
256 0 426 84
257 700 806 75
258 36 551 27
259 200 578 6
260 572 402 15
261 695 326 11
262 811 730 81
263 957 880 62
264 194 131 63
265 120 604 42
266 998 976 55
267 736 914 66
268 252 343 82
269 653 922 75
270 726 784 87
271 171 218 79
272 188 452 70
273 170 515 39
274 932 944 85
275 594 876 64
276 169 35 89
277 149 580 12
278 758 826 71
279 69 12 77
280 878 954 54
281 728 812 74
282 141 498 60
283 149 103 79
284 671 370 45
285 467 248 70
286 256 559 24
287 115 233 60
288 605 283 37
289 880 764 97