1 500 500 0
2 707 633 6
3 405 122 9
4 811 419 8
5 11 667 6
6 336 612 4
7 366 50 8
8 98 836 3
9 414 996 4
10 243 713 10
11 100 232 1
12 891 946 9
13 132 204 9
14 25 642 5
15 994 18 10
16 636 897 5
17 214 651 6
18 108 619 9
19 882 399 8
20 863 607 10
21 409 585 8
22 247 882 8
23 553 507 4
24 677 258 8
25 673 644 7
26 25 182 3
27 251 111 5
28 263 799 10
29 660 359 10
30 351 288 8
31 172 127 2
32 382 441 2
33 231 650 8
34 966 485 7
35 964 107 10
36 876 164 9
37 949 328 2
38 936 70 9
39 229 744 10
40 161 214 2
41 581 594 1
42 154 860 6
43 23 374 1
44 736 600 2
45 594 542 4
46 846 684 6
47 355 471 7
48 675 597 8
49 663 653 8
50 61 889 5
51 685 150 7
52 129 248 4
53 161 301 7
54 180 836 1
55 427 670 5
56 833 860 6
57 669 251 9
58 411 403 2
59 450 926 6
60 591 505 4
61 468 157 6
62 288 484 5
63 574 955 10
64 795 521 7
65 41 65 4
66 175 486 6
67 74 436 1
68 907 13 2
69 579 912 4
70 765 835 9
71 176 189 1
72 972 351 6
73 470 22 4
74 577 469 9
75 561 672 1
76 110 670 5
77 811 614 2
78 460 344 2
79 862 486 9
80 22 369 6
81 898 295 7
82 89 934 10
83 164 871 10
84 487 617 8
85 731 565 7
86 470 722 3
87 509 209 2
88 860 845 10
89 515 312 3
90 434 712 5
91 388 521 8
92 573 250 10
93 155 316 3
94 143 923 7
95 247 971 5
96 641 297 3
97 763 749 10
98 585 887 7
99 987 361 10
100 153 215 4
101 150 669 3
102 76 153 3
103 456 635 4
104 778 497 8
105 334 529 7
106 764 789 3
107 963 378 10
108 262 404 5
109 32 672 2
110 118 874 3
111 764 315 1
112 931 462 10
113 168 831 9
114 443 2 9
115 571 812 4
116 185 964 9
117 368 628 9
118 366 788 3
119 48 374 6
120 8 464 3
121 459 77 6
122 345 357 6
123 315 149 6
124 458 286 7
125 974 86 4
126 167 854 4
127 441 425 1
128 172 20 1
129 646 948 2
130 444 937 3
131 950 129 5
132 866 18 1
133 915 849 8
134 119 279 9
135 319 332 1
136 832 902 9
137 421 365 6
138 963 71 2
139 478 741 6
140 443 54 8
141 509 966 6
142 70 520 7
143 311 207 4
144 648 127 2
145 726 506 10
146 371 345 6
147 154 221 8
148 475 537 3
149 322 738 3
150 118 284 10
151 297 415 2
152 530 967 5
153 752 797 2
154 394 589 10
155 482 59 1
156 497 863 10
157 171 716 8
158 610 528 4
159 405 568 10
160 638 940 2
161 940 914 5
162 4 886 8
163 215 994 3
164 294 675 10
165 121 701 10
166 143 460 7
167 14 530 6
168 383 815 1
169 982 781 5
170 424 566 1
171 358 11 6
172 902 869 10
173 490 744 2
174 567 535 5
175 754 413 1
176 424 613 4
177 820 574 4
178 125 213 4
179 164 351 10
180 605 589 8
181 844 145 8
182 978 462 3
183 503 582 1
184 673 603 9
185 643 721 7
186 831 659 9
187 137 502 8
188 939 228 6
189 999 456 5
190 722 196 6
191 390 650 4
192 288 304 10
193 895 896 5
194 514 985 8
195 32 202 3
196 688 434 7
197 20 476 9
198 400 947 5
199 794 478 1
200 681 487 4
201 266 24 1
202 398 522 3
203 853 439 7
204 889 98 9
205 226 257 3
206 858 168 4
207 343 182 5
208 511 170 7
209 699 283 8
210 954 856 8
211 852 451 7
212 826 367 10
213 183 100 6
214 208 169 2
215 811 354 7
216 923 501 5
217 170 88 6
218 843 418 10
219 826 363 6
220 722 458 2
221 153 129 6
222 917 390 9
223 879 482 6
224 799 437 4
225 853 476 6
226 91 194 5
227 829 388 2
228 848 323 10
229 807 271 6
230 860 607 4
231 159 131 8
232 832 286 1
233 925 291 9
234 713 394 3
235 705 361 9
236 863 371 1
237 181 47 7
238 232 70 4
239 780 515 10
240 833 494 2
241 24 239 5
242 369 28 2
243 803 450 7
244 897 396 4
245 752 394 7
246 176 310 5
247 983 470 3
248 917 370 6
249 754 457 4
250 969 335 5
251 194 4 3
252 796 468 4
253 680 629 10
254 175 153 3
255 207 142 10
256 221 99 6
257 290 232 3
258 834 424 4
259 990 502 8
260 960 462 3
261 862 259 1
262 208 38 1
263 838 439 2
264 633 344 3
265 864 426 4
266 187 350 4
267 110 275 9
268 823 508 2
269 907 303 5
270 160 11 3
271 795 482 7
272 773 350 2
273 865 555 2
274 726 319 10
275 169 121 8
276 816 609 9
277 894 327 1
278 54 27 2
279 895 569 10
280 871 439 2
281 348 150 6
282 883 463 9
283 298 65 7
284 229 190 9
285 201 12 10
286 899 435 6
287 470 60 9
288 923 737 9
289 978 312 3
290 89 97 9
291 645 398 8
292 803 214 5
293 279 85 3
294 947 568 7
295 792 330 4
296 750 169 2
297 827 402 1
298 180 86 1
299 713 461 3
300 871 410 9
301 919 526 8
302 724 385 2
303 828 290 9
304 615 466 8
305 834 345 4
306 713 648 5
307 268 124 8
308 912 446 10
309 873 447 8
310 821 402 1
311 887 399 3
312 819 560 7
313 827 508 9
314 794 432 5
315 159 134 5
316 29 81 2
317 2 63 4
318 907 245 7
319 881 592 4
320 842 356 4
321 864 410 1
322 765 352 4
323 876 318 1
324 956 648 2
325 784 417 5
326 881 413 9
327 329 214 7
328 950 499 10
329 744 404 5
330 823 384 8
331 787 292 2
332 880 359 9
333 827 367 5
334 887 497 9
335 772 348 10
336 263 36 2
337 808 274 6
338 801 491 3
339 159 215 4
340 555 303 4
341 834 491 8
342 844 424 1
343 813 434 3
344 708 495 10
345 664 522 7
346 656 391 8
347 879 583 5
348 742 437 2
349 224 329 2
350 959 581 7
351 726 321 8
352 802 345 1
353 796 361 1
354 203 87 3
355 810 389 5
356 863 263 10
357 887 641 5
358 811 503 8
359 835 481 5
360 959 431 7
361 76 115 3
362 891 414 8
363 813 425 1
364 234 75 8
365 762 300 8
366 252 50 3
367 840 400 2
368 350 278 4
369 732 558 3
370 192 142 7
371 883 462 5
372 712 63 7
373 888 453 3
374 118 193 2
375 857 352 4
376 171 165 4
377 644 466 5
378 807 418 2
379 807 149 6
380 955 230 4
381 238 113 7
382 912 579 3
383 836 492 6
384 795 367 4
385 192 32 10
386 795 337 10
387 868 379 7
388 773 293 5
389 849 442 4
390 987 568 1
391 297 185 10
392 780 403 6
393 711 376 9
394 171 155 7
395 865 432 9
396 806 359 2
397 863 362 6
398 729 544 3
399 930 410 8
400 776 408 7
401 130 123 1
402 799 418 10
403 811 304 7
404 821 315 7
405 861 382 2
406 778 402 3
407 971 288 8
408 918 397 10
409 791 419 10
410 774 308 1
411 782 407 4
412 210 93 5
413 768 507 6
414 768 342 4
415 417 125 9
416 834 391 3
417 818 400 2
418 856 637 9
419 818 292 5
420 822 240 5