1 500 500 0
2 440 732 1
3 221 348 1
4 117 545 1
5 493 645 1
6 135 12 1
7 775 997 1
8 745 444 1
9 950 311 1
10 530 150 1
11 900 508 1
12 48 519 1
13 269 217 1
14 722 349 1
15 480 733 1
16 977 422 1
17 999 220 1
18 636 332 1
19 851 162 1
20 559 567 1
21 389 69 1
22 529 835 1
23 303 427 1
24 400 638 1
25 894 904 1
26 482 109 1
27 579 800 1
28 184 82 1
29 669 753 1
30 906 424 1
31 374 692 1
32 174 613 1
33 75 37 1
34 38 563 1
35 838 157 1
36 710 709 1
37 176 67 1
38 449 326 1
39 71 389 1
40 710 115 1
41 237 547 1
42 530 27 1
43 631 223 1
44 171 342 1
45 226 65 1
46 6 998 1
47 24 635 1
48 668 165 1
49 318 608 1
50 429 82 1
51 212 237 1
52 853 126 1
53 387 47 1
54 677 144 1
55 111 790 1
56 957 32 1
57 511 647 1
58 457 561 1
59 86 687 1
60 290 456 1
61 473 563 1
62 807 725 1
63 461 468 1
64 739 235 1
65 257 340 1
66 588 545 1
67 6 311 1
68 268 976 1
69 552 414 1
70 994 946 1
71 452 534 1
72 422 545 1
73 248 611 1
74 43 366 1
75 977 96 1
76 822 580 1
77 940 650 1
78 86 263 1
79 715 99 1
80 668 981 1
81 424 638 1
82 297 607 1
83 251 282 1
84 237 413 1
85 202 573 1
86 181 385 1
87 126 528 1
88 386 811 1
89 978 846 1
90 70 99 1
91 333 357 1
92 49 870 1
93 157 734 1
94 627 268 1
95 818 433 1
96 738 555 1
97 350 909 1
98 337 926 1
99 978 59 1
100 42 595 1
101 870 933 1
102 19 120 1
103 165 679 1
104 131 984 1
105 232 755 1
106 319 417 1
107 187 376 1
108 251 482 1
109 657 219 1
110 209 397 1
111 800 377 1
112 228 116 1
113 566 559 1
114 490 156 1
115 216 547 1
116 964 677 1
117 85 897 1
118 292 807 1
119 600 893 1
120 938 222 1
121 543 747 1
122 572 976 1
123 569 59 1
124 712 574 1
125 971 515 1
126 616 306 1
127 695 837 1
128 421 821 1
129 604 995 1
130 537 957 1
131 1000 653 1
132 282 817 1
133 380 874 1
134 778 101 1
135 462 74 1
136 87 682 1
137 441 228 1
138 608 430 1
139 511 313 1
140 710 300 1
141 630 24 1
142 626 650 1
143 531 719 1
144 598 824 1
145 995 622 1
146 258 981 1
147 358 281 1
148 279 169 1
149 286 268 1
150 259 659 1
151 782 132 1
152 862 518 1
153 457 603 1
154 210 438 1
155 44 44 1
156 527 818 1
157 164 156 1
158 23 86 1
159 342 930 1
160 39 282 1
161 269 848 1
162 436 886 1
163 323 340 1
164 237 891 1
165 333 488 1
166 517 137 1
167 591 972 1
168 541 888 1
169 122 280 1
170 159 655 1
171 200 158 1
172 446 283 1
173 107 315 1
174 588 270 1
175 158 374 1
176 26 353 1
177 959 76 1
178 852 328 1
179 927 736 1
180 437 138 1
181 53 938 1
182 333 192 1
183 922 499 1
184 407 948 1
185 970 664 1
186 237 738 1
187 8 561 1
188 747 852 1
189 989 908 1
190 100 860 1
191 10 960 1
192 842 190 1
193 595 716 1
194 286 965 1
195 199 373 1
196 159 67 1
197 979 25 1
198 488 479 1
199 804 620 1
200 742 853 1
201 528 160 1
202 223 342 1
203 503 159 1
204 711 681 1
205 339 340 1
206 342 509 1
207 931 593 1
208 766 953 1
209 710 172 1
210 521 451 1
211 172 159 1
212 685 836 1
213 639 155 1
214 763 656 1
215 269 241 1
216 825 761 1
217 330 177 1
218 901 124 1
219 713 860 1
220 619 926 1
221 692 19 1
222 96 876 1
223 949 178 1
224 79 795 1
225 833 852 1
226 336 444 1
227 877 0 1
228 296 597 1
229 566 735 1
230 940 377 1
231 349 269 1
232 939 827 1
233 908 120 1
234 50 741 1
235 670 569 1
236 753 744 1
237 577 351 1
238 141 616 1
239 97 625 1
240 64 875 1
241 496 160 1
242 515 598 1
243 344 803 1
244 274 510 1
245 291 170 1
246 800 300 1
247 74 609 1
248 365 207 1
249 791 396 1
250 453 848 1
251 405 191 1
252 395 290 1
253 525 743 1
254 260 385 1
255 408 837 1
256 1 346 1
257 231 504 1
258 837 572 1
259 606 473 1
260 900 729 1
261 346 868 1
262 123 80 1
263 477 169 1
264 383 59 1
265 510 410 1
266 890 101 1
267 952 635 1
268 825 722 1
269 68 598 1
270 234 841 1
271 911 720 1
272 172 367 1
273 569 289 1
274 84 19 1
275 694 916 1
276 454 412 1
277 261 233 1
278 693 375 1
279 588 854 1
280 276 538 1
281 599 569 1
282 142 158 1
283 338 805 1
284 324 194 1
285 739 325 1
286 845 639 1
287 638 182 1
288 858 93 1
289 40 923 1
290 37 599 1
291 638 39 1
292 218 714 1
293 568 674 1
294 288 840 1
295 439 570 1
296 325 801 1
297 587 278 1
298 992 674 1
299 597 608 1
300 174 865 1
301 65 330 1
302 872 434 1
303 620 129 1
304 339 681 1
305 178 811 1
306 478 966 1
307 469 749 1
308 475 791 1
309 799 594 1
310 692 130 1
311 59 223 1
312 811 2 1
313 5 946 1
314 219 305 1
315 759 951 1
316 656 889 1
317 582 18 1
318 97 885 1
319 888 467 1
320 899 286 1
321 512 358 1
322 188 776 1
323 220 951 1
324 503 801 1
325 483 402 1
326 685 904 1
327 483 722 1
328 13 301 1
329 387 976 1
330 607 709 1
331 857 739 1
332 51 422 1
333 818 797 1
334 302 646 1
335 474 101 1
336 817 66 1
337 573 973 1
338 948 686 1
339 922 552 1
340 586 899 1
341 153 503 1
342 47 817 1
343 740 970 1
344 216 852 1
345 261 776 1
346 935 540 1
347 920 879 1
348 642 623 1
349 305 71 1
350 268 373 1
351 409 940 1
352 374 176 1
353 894 60 1
354 539 352 1
355 605 457 1
356 4 240 1
357 340 303 1
358 563 524 1
359 861 875 1
360 700 810 1
361 160 753 1
362 985 455 1
363 981 276 1
364 708 646 1
365 575 249 1
366 777 725 1
367 724 888 1
368 853 773 1
369 4 27 1
370 743 430 1
371 301 574 1
372 38 983 1
373 575 209 1
374 10 683 1
375 878 342 1
376 745 333 1
377 616 311 1
378 537 110 1
379 70 839 1
380 531 647 1
381 157 736 1
382 609 356 1
383 450 852 1
384 534 11 1
385 436 279 1
386 340 578 1
387 41 809 1
388 971 282 1
389 389 628 1
390 171 951 1
391 821 278 1
392 633 578 1
393 158 858 1
394 374 163 1
395 219 471 1
396 392 784 1
397 586 937 1
398 546 923 1
399 619 737 1
400 700 50 1
401 722 223 1
402 112 450 1
403 857 66 1
404 81 295 1
405 314 964 1
406 829 981 1
407 723 590 1
408 645 700 1
409 318 800 1
410 277 268 1
411 459 81 1
412 573 211 1
413 391 259 1
414 368 81 1
415 262 451 1
416 629 44 1
417 390 264 1
418 842 703 1
419 780 254 1
420 653 177 1
421 882 625 1
422 763 432 1
423 615 183 1
424 62 855 1
425 629 543 1
426 27 83 1
427 822 574 1
428 355 86 1
429 102 110 1
430 859 489 1
431 410 900 1
432 519 683 1
433 111 12 1
434 957 366 1
435 848 474 1
436 265 184 1
437 985 701 1
438 862 488 1
439 215 888 1
440 945 515 1
441 76 204 1
442 553 988 1
443 22 32 1
444 817 463 1
445 938 553 1
446 441 911 1
447 944 473 1
448 120 85 1
449 139 101 1
450 551 214 1
451 422 750 1
452 373 976 1
453 196 122 1
454 312 75 1
455 870 353 1
456 25 46 1
457 470 958 1
458 184 140 1
459 890 462 1
460 841 551 1
461 843 479 1
462 82 88 1
463 979 491 1
464 898 582 1
465 439 811 1
466 8 173 1
467 199 182 1
468 239 151 1
469 960 334 1
470 67 99 1
471 49 100 1
472 253 120 1
473 124 84 1
474 64 183 1
475 453 987 1
476 490 869 1
477 153 111 1
478 421 756 1
479 862 440 1
480 170 166 1
481 887 544 1
482 854 544 1
483 58 109 1
484 135 102 1
485 408 787 1
486 44 101 1
487 859 469 1
488 865 487 1
489 845 522 1
490 350 875 1
491 24 154 1
492 945 452 1
493 732 438 1
494 322 797 1
495 569 889 1
496 853 466 1
497 286 3 1
498 19 558 1
499 44 168 1
500 482 967 1
501 271 127 1
502 425 909 1
503 405 777 1
504 921 499 1
505 513 901 1
506 811 488 1
507 541 920 1
508 41 240 1
509 876 405 1
510 449 871 1
511 786 558 1
512 467 684 1
513 75 150 1
514 827 446 1
515 625 441 1
516 122 117 1
517 321 913 1
518 935 443 1
519 378 902 1
520 95 48 1
521 939 576 1
522 991 561 1
523 887 479 1
524 108 102 1
525 822 451 1
526 137 252 1
527 788 543 1
528 556 988 1
529 769 375 1
530 445 848 1
531 446 965 1
532 925 421 1
533 674 544 1
534 117 30 1
535 388 987 1
536 119 18 1
537 439 962 1
538 134 297 1
539 614 521 1
540 887 325 1
541 467 903 1
542 772 461 1
543 423 944 1
544 379 846 1
545 916 509 1
546 983 447 1
547 667 885 1
548 96 150 1
549 465 911 1
550 96 17 1
551 425 963 1
552 93 201 1
553 132 93 1
554 671 926 1
555 901 468 1
556 93 287 1
557 795 581 1
558 741 514 1
559 119 223 1
560 503 964 1
561 849 388 1
562 80 58 1
563 116 81 1
564 123 266 1
565 683 363 1
566 77 114 1
567 872 520 1
568 187 62 1
569 83 158 1
570 918 677 1
571 19 198 1
572 909 427 1
573 937 395 1
574 11 176 1
575 80 88 1
576 72 143 1
577 510 919 1
578 25 87 1
579 421 825 1
580 855 443 1
581 823 522 1
582 468 802 1
583 2 112 1
584 96 91 1
585 647 389 1
586 876 475 1
587 422 970 1
588 705 454 1
589 151 897 1
590 853 420 1
591 883 484 1
592 27 44 1
593 852 479 1
594 154 38 1
595 285 921 1
596 50 196 1
597 956 449 1
598 259 863 1
599 702 637 1
600 422 975 1
601 413 885 1
602 432 847 1
603 112 263 1
604 908 625 1
605 783 344 1
606 422 744 1
607 372 987 1
608 860 387 1
609 168 96 1
610 358 850 1
611 476 813 1
612 62 117 1
613 539 970 1
614 278 215 1
615 854 616 1
616 379 769 1
617 418 899 1
618 128 124 1
619 46 207 1
620 466 816 1
621 890 559 1
622 688 555 1
623 826 582 1
624 127 126 1
625 879 499 1
626 401 805 1
627 384 826 1
628 320 775 1
629 204 336 1
630 866 515 1
631 801 544 1
632 117 139 1
633 852 498 1
634 397 949 1
635 405 865 1
636 724 356 1
637 414 830 1
638 131 31 1
639 318 200 1
640 946 468 1
641 1 157 1
642 542 729 1
643 245 352 1
644 539 905 1
645 827 317 1
646 376 836 1
647 878 519 1
648 212 724 1
649 876 516 1
650 96 124 1
651 939 557 1
652 504 915 1
653 380 841 1
654 149 149 1
655 804 494 1
656 330 999 1
657 104 67 1
658 283 883 1
659 877 601 1
660 866 497 1
661 138 48 1
662 814 455 1
663 970 535 1
664 450 898 1
665 220 93 1
666 208 26 1
667 317 96 1
668 921 488 1
669 903 248 1
670 95 80 1
671 849 498 1
672 816 494 1
673 52 141 1
674 180 59 1
675 69 98 1
676 199 69 1
677 884 460 1
678 879 525 1
679 57 102 1
680 978 705 1
681 929 486 1
682 152 106 1
683 691 634 1
684 456 977 1
685 391 789 1
686 442 872 1
687 754 759 1
688 854 615 1
689 820 450 1
690 326 986 1
691 71 69 1
692 315 718 1
693 377 938 1
694 44 74 1
695 290 921 1
696 899 478 1
697 24 197 1
698 438 957 1
699 142 147 1
700 437 837 1
701 742 549 1
702 288 844 1
703 792 425 1
704 413 913 1
705 447 938 1
706 849 496 1
707 262 65 1
708 840 466 1
709 533 687 1
710 810 536 1
711 213 160 1
712 860 414 1
713 884 459 1
714 4 153 1
715 447 930 1
716 140 44 1
717 521 878 1
718 575 779 1
719 442 900 1
720 877 579 1
721 893 487 1
722 73 13 1
723 394 886 1
724 511 949 1
725 474 772 1
726 812 425 1
727 684 471 1
728 458 971 1
729 132 137 1
730 797 351 1
731 401 904 1
732 132 115 1
733 386 268 1
734 856 456 1
735 953 616 1
736 382 794 1
737 548 895 1
738 861 525 1
739 372 780 1
740 967 425 1
741 534 912 1
742 52 157 1
743 396 888 1
744 82 60 1
745 856 523 1
746 12 90 1
747 8 208 1
748 303 67 1
749 497 721 1
750 454 984 1
751 120 69 1
752 831 458 1
753 786 524 1
754 40 111 1
755 347 868 1
756 377 932 1
757 296 934 1
758 896 547 1
759 884 450 1
760 812 534 1
761 926 500 1
762 380 921 1
763 423 888 1
764 797 512 1
765 848 444 1
766 716 514 1
767 412 903 1
768 871 532 1
769 402 885 1
770 870 564 1
771 826 512 1
772 529 867 1
773 451 999 1
774 852 522 1
775 406 859 1
776 51 110 1
777 919 577 1
778 824 407 1
779 411 883 1
780 794 483 1
781 46 105 1
782 274 236 1
783 430 972 1
784 854 533 1
785 336 959 1
786 813 702 1
787 210 304 1
788 460 867 1
789 315 915 1
790 454 857 1
791 905 380 1
792 831 580 1
793 399 106 1
794 97 106 1
795 805 499 1
796 904 561 1
797 420 930 1
798 876 448 1
799 102 164 1
800 74 112 1
801 139 43 1
802 370 995 1
803 849 441 1
804 405 938 1
805 57 100 1
806 78 81 1
807 170 77 1
808 959 379 1
809 347 913 1
810 845 478 1
811 316 803 1
812 115 74 1
813 538 906 1
814 939 530 1
815 405 891 1
816 235 819 1
817 982 463 1
818 817 482 1
819 463 971 1
820 847 370 1
821 200 145 1
822 769 970 1
823 712 624 1
824 910 566 1
825 867 531 1
826 352 966 1
827 490 865 1
828 451 831 1
829 97 85 1
830 408 920 1
831 869 485 1
832 341 453 1
833 10 127 1
834 1 25 1
835 918 775 1
836 277 884 1
837 847 483 1
838 884 435 1
839 745 448 1
840 118 13 1
841 222 755 1
842 695 341 1
843 25 18 1
844 380 843 1
845 949 466 1
846 436 877 1
847 912 446 1
848 405 857 1
849 824 490 1
850 486 866 1
851 568 430 1
852 935 513 1
853 821 687 1
854 367 814 1
855 33 97 1
856 411 722 1